n_cost <- c(2, 3, 4, 2, 0, 0, 0, 2, 4, 5, 1, 7, 9, 5, 5, 3, 2, 8, 7, 8, 0, 1, 0)